494.84
466.12
622.36
659.12
622.36
659.12
622.36
466.12
659.24
622.24
494.72
0.24
494.24
466.24
659.12
622.24
659.06
622.06
466.48
494.12
466.36
440.36
466.12
494.24
466.24
494.36
466.12
494.24
466.12
0.12
659.18
622.06
659.06
740.06
659.06
622.06
659.33
622.03
466.12
622.12
0.36
659.18
622.06
659.24
740.36
659.12
622.48
659.06
740.06
740.24
659.03
622.03
659.03
740.03
659.33
622.03
466.12
622.36
698.06
622.06
466.12
494.12
466.24
622.12
659.36
659.36
622.12
659.12
0.36
659.18
622.06
659.06
740.06
659.06
622.06
494.06
466.06
622.36
622.36
659.06
622.06
466.12
494.12
466.24
622.12
740.12
659.18
622.06
466.48
440.36
494.06
466.06
622.12
0.36
659.18
622.06
659.06
740.06
659.06
622.06
740.36
659.12
740.24
659.24
622.12
0.36
659.12
740.12
659.18
622.06
466.36
494.12
622.48
622.24
659.24
622.36
466.12
622.12
659.12
0.24
659.18
622.06
659.24
622.36
698.06
622.06
466.48
622.36
659.12
622.36
466.12
622.12
0.36
622.24
659.24
622.48
622.12
0.36
622.18
659.06
740.24
659.18
622.06
659.06
740.06
659.06
622.06
740.48
740.06
740.18
740.06
740.18
740.06
740.3
659.06
622.06
659.36
622.12
784.48
784.06
784.18
784.24
740.48
740.12
0.36
784.36
740.12
784.18
740.06
784.24
740.48
740.24
0.24
659.36
740.06
659.06
622.48
659.06
740.06
740.12
0.24
659.18
622.06
659.06
740.06
659.06
622.06
466.12
622.36
622.36
698.06
622.06
466.12
494.12
466.24
622.12
740.12
659.18
622.06
466.48
440.36
494.12
622.12
0.36
659.18
622.06
659.06
740.06
659.06
622.06
740.24
740.24
740.06
740.18
740.06
740.18
659.18
622.06
659.24
622.24
659.18
622.06
784.24
784.24
784.06
784.18
784.06
784.18
784.36
740.12
784.18
740.06
784.18
880.06
740.12
0.36
740.48
659.18
622.06
659.24
622.48
659.12
740.12
740.24
740.06
740.18
740.06
740.18
494.36
466.12
784.36
880.12
740.36
622.12
784.12
0.36
740.36
622.12
784.18
740.06
784.03
740.03
784.06
880.09
698.03
622.36
740.06
659.06
622.36
466.12
622.24
659.24
622.36
466.12
622.12
659.12
740.24
659.18
622.06
659.18
622.06
659.06
740.18
659.24
622.06
740.06
659.06
622.06
466.24
622.06
659.42
659.36
622.12
659.12
0.24
659.06
622.06
466.36
659.12
622.48
659.12
740.12
659.24
740.18
659.06
784.24
740.24
659.24
622.12
0.36
659.12
740.12
659.18
622.06
466.36
494.12
622.48
622.24
659.24
622.36
466.12
622.06
659.06
0.36
659.18
622.06
659.24
622.36
698.06
622.06
932.48
622.36
466.12
494.36
466.12
659.06
740.06
740.24
659.12
622.12
0.36
659.18
622.06
659.24
740.24
659.24
740.12
740.12
740.12
740.12
740.12
740.12
740.12
740.12
740.36
659.12
622.24
659.06
740.06
659.06
740.06
466.36
494.12
622.36
698.06
659.06
466.12
622.24
698.06
622.06
466.12
494.36
466.18
494.06
622.24
659.36
494.12
622.12
0.36
659.18
622.06
659.06
740.06
659.06
622.06
784.48
784.06
784.18
784.06
784.18
784.36
740.12
784.18
740.06
784.18
880.06
740.12
0.36
740.48
659.18
622.06
659.18
622.06
659.06
740.18
659.24
622.48
659.12
784.12
740.18
659.06
622.24
659.24
622.24
466.24
622.12
659.36
659.36
622.12
659.12
0.24
659.12
622.24
466.24
622.18
659.06
622.24
659.18
622.06
659.18
622.06
466.18
494.06
622.36
659.06
622.18
466.12
494.36
466.12
494.24
466.24
494.18
466.06
659.18
622.06
466.36
494.12
622.06
659.06
0.36
659.18
622.06
659.24
622.24
659.12
740.06
659.06
622.24
466.24
622.36
659.12
622.36
466.12
622.12
0.36
622.24
659.24
622.24
622.24
659.06
622.06
0.36
622.24
659.06
740.18
659.18
622.06
659.24
740.48
659.12
0.36
659.18
622.06
659.24
740.24
659.24
740.12
740.12
740.12
740.12
740.12
740.12
740.12
740.12
740.36
659.06
740.06
659.06
740.06
659.06
740.06
659.24
622.36
0.12
659.36
622.12
494.24
466.24
622.12
659.12
622.24
494.84
0.12
494.24
466.24
659.12
622.24
698.06
622.06
466.48
494.12
466.36
880.36
466.12
494.24
466.24
494.36
466.12
494.24
466.12
0.12
659.18
622.06
659.06
740.06
659.06
622.06
659.33
622.03
494.06
466.06
622.12
0.36
622.24
659.06
622.06
494.06
466.06
622.36
740.12
659.36
740.06
659.06
622.36
0.12
659.36
740.06
659.06
622.24
466.24
659.12
622.36
466.48
494.24
466.12
0.12
659.12
622.24
466.12
659.48
831.96
