175.06
131.06
131.06
131.06
131.06
131.06
117.06
156.06
131.06
175.06
131.06
117.06
156.06
104.06
104.04
87.02
117.06
87.06
78.06
87.06
117.06
117.04
87.02
117.06
87.06
117.06
156.06
117.06
104.06
117.06
156.06
117.06
156.06
117.06
131.06
175.06
156.06
117.06
156.06
117.06
156.06
117.06
156.06
156.06
117.06
156.06
131.06
175.06
131.06
117.06
156.06
104.06
104.04
87.02
117.06
87.06
78.06
87.06
117.06
117.04
87.02
117.06
87.06
117.06
175.06
131.06
131.06
131.06
131.06
131.06
117.06
156.06
131.06
175.06
131.06
117.06
156.06
104.12
104.1
156.02
117.06
156.06
117.06
104.06
117.06
156.06
117.06
156.06
117.12
117.06
131.06
117.06
156.06
104.12
104.1
156.02
117.06
156.1
117.02
156.06
117.06
117.06
104.06
117.06
156.06
131.06
131.06
175.06
156.06
131.06
131.06
156.06
131.06
131.06
117.06
175.06
233.12
208.1
175.02
156.06
208.12
156.06
156.06
208.1
156.02
208.06
156.06
208.1
156.02
208.06
156.06
175.06
156.06
131.06
156.06
175.06
208.06
208.06
175.06
233.06
208.06
175.06
156.06
175.06
131.06
131.06
131.06
131.06
131.06
117.06
156.06
131.06
175.06
131.06
117.06
156.06
104.06
104.04
87.02
117.06
87.06
78.06
87.06
117.06
117.04
87.02
117.06
87.06
117.06
104.1
117.02
156.06
131.06
131.06
117.06
156.06
104.12
104.1
156.02
117.06
156.1
117.02
156.1
117.02
156.06
117.06
156.06
104.06
104.04
117.02
156.06
117.06
104.06
175.06
175.06
156.06
175.1
156.02
175.06
208.04
175.02
208.06
233.06
311.06
233.06
208.06
175.06
175.06
156.06
175.1
156.02
175.06
208.1
175.02
208.06
233.12
311.01
233.05
208.06
117.06
156.06
156.06
208.12
156.01
208.05
156.12
175.01
233.05
208.06
175.06
156.06
78.06
156.06
156.06
131.06
117.06
175.06
156.06
131.06
156.06
175.06
208.06
208.06
175.06
233.06
175.06
156.06
175.06
233.06
262.06
233.02
262.04
349.06
262.06
233.06
311.06
208.12
208.06
262.06
233.06
175.06
233.06
233.04
175.02
233.06
208.06
175.06
233.06
311.06
156.06
311.06
311.06
349.06
311.06
262.06
311.02
349.04
415.06
349.06
311.06
262.06
262.06
262.06
262.06
262.06
233.06
311.06
262.06
233.06
262.06
233.06
262.06
349.06
349.12
311.02
349.04
415.1
349.02
415.06
262.06
233.06
233.06
349.06
311.06
311.06
233.06
311.06
262.04
233.02
311.06
311.06
233.06
311.06
233.02
262.04
349.06
262.06
233.06
311.06
208.06
208.04
175.02
208.06
262.06
233.06
311.06
208.06
208.04
175.02
208.06
262.1
233.02
208.06
262.06
233.06
208.06
262.1
233.02
208.12
233.01
349.05
262.04
349.02
262.06
233.06
156.06
78.06
156.06
156.06
131.06
117.06
175.06
156.06
131.06
156.06
175.06
208.06
208.06
175.06
233.06
175.06
156.06
175.06
233.06
262.06
233.02
262.04
349.06
262.06
233.06
311.06
208.12
208.1
262.02
233.06
311.1
233.02
262.06
233.06
311.06
233.06
311.06
208.06
208.04
233.02
311.06
233.06
208.06
175.06
233.06
233.04
175.02
233.06
208.06
175.06
233.06
233.06
233.06
233.06
233.06
208.06
208.06
233.06
311.06
262.06
262.06
233.06
233.06
208.02
233.04
311.06
262.06
262.06
233.02
262.04
349.06
262.06
233.06
208.06
233.06
208.06
175.06
208.06
175.06
233.06
208.1
175.02
156.06
117.06
156.06
156.06
208.12
156.01
208.05
156.12
175.01
233.05
208.06
175.06
156.06
78.06
156.06
156.06
131.06
117.06
